anode_ocv_table_start
4=col
0x5dc219b2=crc
0.8023000000, 0.7710000000, 0.7381000000, 0.7096000000
0.6804000000, 0.6553000000, 0.6299000000, 0.6082000000
0.5859000000, 0.5667000000, 0.5481000000, 0.5285000000
0.5109000000, 0.4920000000, 0.4746000000, 0.4560000000
0.4402000000, 0.4234000000, 0.4092000000, 0.3949000000
0.3822000000, 0.3704000000, 0.3577000000, 0.3469000000
0.3348000000, 0.3242000000, 0.3121000000, 0.3025000000
0.2938000000, 0.2873000000, 0.2827000000, 0.2777000000
0.2743000000, 0.2706000000, 0.2669000000, 0.2625000000
0.2585000000, 0.2535000000, 0.2492000000, 0.2442000000
0.2408000000, 0.2371000000, 0.2337000000, 0.2306000000
0.2278000000, 0.2256000000, 0.2229000000, 0.2207000000
0.2185000000, 0.2170000000, 0.2151000000, 0.2132000000
0.2117000000, 0.2101000000, 0.2089000000, 0.2074000000
0.2061000000, 0.2049000000, 0.2039000000, 0.2027000000
0.2015000000, 0.2005000000, 0.1990000000, 0.1977000000
0.1965000000, 0.1956000000, 0.1943000000, 0.1928000000
0.1909000000, 0.1894000000, 0.1878000000, 0.1866000000
0.1853000000, 0.1832000000, 0.1819000000, 0.1804000000
0.1791000000, 0.1779000000, 0.1773000000, 0.1767000000
0.1770000000, 0.1770000000, 0.1764000000, 0.1748000000
0.1742000000, 0.1739000000, 0.1739000000, 0.1736000000
0.1742000000, 0.1745000000, 0.1751000000, 0.1767000000
0.1776000000, 0.1788000000, 0.1798000000, 0.1804000000
0.1804000000, 0.1788000000, 0.1739000000, 0.1615000000
0.1109000000, 0.8017000000, 0.7651000000, 0.7328000000
0.7028000000, 0.6758000000, 0.6470000000, 0.6197000000
0.5952000000, 0.5710000000, 0.5496000000, 0.5307000000
0.5121000000, 0.4944000000, 0.4765000000, 0.4600000000
0.4433000000, 0.4259000000, 0.4117000000, 0.3965000000
0.3807000000, 0.3676000000, 0.3537000000, 0.3435000000
0.3320000000, 0.3227000000, 0.3118000000, 0.3028000000
0.2942000000, 0.2842000000, 0.2752000000, 0.2675000000
0.2591000000, 0.2523000000, 0.2477000000, 0.2436000000
0.2402000000, 0.2365000000, 0.2331000000, 0.2281000000
0.2225000000, 0.2170000000, 0.2123000000, 0.2070000000
0.2030000000, 0.1990000000, 0.1946000000, 0.1919000000
0.1888000000, 0.1860000000, 0.1829000000, 0.1810000000
0.1782000000, 0.1760000000, 0.1745000000, 0.1729000000
0.1705000000, 0.1689000000, 0.1680000000, 0.1664000000
0.1652000000, 0.1640000000, 0.1621000000, 0.1609000000
0.1602000000, 0.1590000000, 0.1578000000, 0.1565000000
0.1546000000, 0.1534000000, 0.1522000000, 0.1503000000
0.1491000000, 0.1469000000, 0.1450000000, 0.1435000000
0.1410000000, 0.1391000000, 0.1373000000, 0.1360000000
0.1348000000, 0.1336000000, 0.1323000000, 0.1314000000
0.1305000000, 0.1298000000, 0.1292000000, 0.1286000000
0.1286000000, 0.1277000000, 0.1283000000, 0.1277000000
0.1280000000, 0.1280000000, 0.1274000000, 0.1274000000
0.1264000000, 0.1246000000, 0.1209000000, 0.1137000000
0.0967000000, 0.0440000000, 0.8004000000, 0.7604000000
0.7248000000, 0.6938000000, 0.6671000000, 0.6374000000
0.6116000000, 0.5865000000, 0.5623000000, 0.5385000000
0.5183000000, 0.4997000000, 0.4799000000, 0.4634000000
0.4473000000, 0.4299000000, 0.4141000000, 0.3986000000
0.3813000000, 0.3661000000, 0.3521000000, 0.3391000000
0.3258000000, 0.3152000000, 0.3044000000, 0.2938000000
0.2849000000, 0.2765000000, 0.2650000000, 0.2526000000
0.2439000000, 0.2387000000, 0.2356000000, 0.2325000000
0.2300000000, 0.2260000000, 0.2198000000, 0.2129000000
0.2058000000, 0.1999000000, 0.1943000000, 0.1888000000
0.1841000000, 0.1807000000, 0.1767000000, 0.1733000000
0.1702000000, 0.1671000000, 0.1646000000, 0.1624000000
0.1602000000, 0.1584000000, 0.1571000000, 0.1553000000
0.1540000000, 0.1528000000, 0.1519000000, 0.1506000000
0.1500000000, 0.1488000000, 0.1481000000, 0.1466000000
0.1460000000, 0.1450000000, 0.1438000000, 0.1426000000
0.1413000000, 0.1391000000, 0.1370000000, 0.1348000000
0.1317000000, 0.1289000000, 0.1271000000, 0.1246000000
0.1224000000, 0.1209000000, 0.1193000000, 0.1184000000
0.1174000000, 0.1168000000, 0.1156000000, 0.1150000000
0.1143000000, 0.1137000000, 0.1131000000, 0.1128000000
0.1122000000, 0.1119000000, 0.1116000000, 0.1109000000
0.1106000000, 0.1103000000, 0.1097000000, 0.1091000000
0.1085000000, 0.1069000000, 0.1044000000, 0.0995000000
0.0895000000, 0.0691000000, 0.0266000000, 0.8007000000
0.7567000000, 0.7195000000, 0.6901000000, 0.6606000000
0.6352000000, 0.6104000000, 0.5834000000, 0.5598000000
0.5360000000, 0.5158000000, 0.4969000000, 0.4777000000
0.4613000000, 0.4439000000, 0.4284000000, 0.4132000000
0.3965000000, 0.3813000000, 0.3648000000, 0.3503000000
0.3373000000, 0.3239000000, 0.3128000000, 0.3013000000
0.2917000000, 0.2824000000, 0.2731000000, 0.2647000000
0.2526000000, 0.2421000000, 0.2365000000, 0.2328000000
0.2303000000, 0.2278000000, 0.2247000000, 0.2188000000
0.2111000000, 0.2049000000, 0.1981000000, 0.1919000000
0.1863000000, 0.1819000000, 0.1779000000, 0.1739000000
0.1702000000, 0.1671000000, 0.1630000000, 0.1602000000
0.1578000000, 0.1553000000, 0.1534000000, 0.1515000000
0.1503000000, 0.1491000000, 0.1475000000, 0.1469000000
0.1457000000, 0.1450000000, 0.1444000000, 0.1435000000
0.1429000000, 0.1422000000, 0.1410000000, 0.1398000000
0.1388000000, 0.1379000000, 0.1364000000, 0.1348000000
0.1326000000, 0.1302000000, 0.1277000000, 0.1252000000
0.1227000000, 0.1205000000, 0.1190000000, 0.1174000000
0.1165000000, 0.1150000000, 0.1140000000, 0.1134000000
0.1125000000, 0.1119000000, 0.1112000000, 0.1106000000
0.1103000000, 0.1097000000, 0.1091000000, 0.1088000000
0.1078000000, 0.1072000000, 0.1069000000, 0.1060000000
0.1054000000, 0.1044000000, 0.1029000000, 0.1007000000
0.0948000000, 0.0843000000, 0.0638000000, 0.0223000000
anode_ocv_table_end
weight_table_start
4=col
0xc5581d41=crc
0.6321616197, 0.6267420801, 0.6205595390, 0.6136139962
0.6059054518, 0.5990515240, 0.5892042677, 0.5769421262
0.5623973048, 0.5476125452, 0.5299285990, 0.5173247342
0.5100821072, 0.5061229144, 0.5036174116, 0.5009031268
0.4964124495, 0.4885082291, 0.4790917418, 0.4715035220
0.4637981606, 0.4556444785, 0.4468864855, 0.4376626053
0.4281238430, 0.4186070643, 0.4095042802, 0.4004026056
0.3907206724, 0.3808281403, 0.3712868002, 0.3615952777
0.3531996434, 0.3497494090, 0.3539826518, 0.3616934222
0.3700978689, 0.3765347319, 0.3780917055, 0.3736119762
0.3671824139, 0.3632129741, 0.3600652736, 0.3574194217
0.3552176025, 0.3532791268, 0.3515722674, 0.3502687382
0.3495665480, 0.3494746529, 0.3498235227, 0.3504130573
0.3511668518, 0.3519907211, 0.3528660195, 0.3537011665
0.3543694697, 0.3542830375, 0.3529834858, 0.3508703472
0.3487026019, 0.3472704675, 0.3470962971, 0.3462473674
0.3470676823, 0.3530362086, 0.3673336650, 0.3850886387
0.4021522847, 0.4149947996, 0.4204156186, 0.4193399786
0.4153824325, 0.4169318020, 0.4195167289, 0.4227290646
0.4264834936, 0.4306494076, 0.4352295088, 0.4401431223
0.4453247704, 0.4507039687, 0.4562104902, 0.4617738543
0.4673224619, 0.4728466992, 0.4783842351, 0.4838975572
0.4894238099, 0.4949479606, 0.5004755202, 0.5060011768
0.5115268335, 0.5170524901, 0.5225781468, 0.5281038034
0.5336294600, 0.5391551167, 0.5446807733, 0.5502064300
0.5557320866, 0.6596610854, 0.6561090129, 0.6502708505
0.6421465984, 0.6317362565, 0.6193658859, 0.6035512165
0.5862398500, 0.5687030932, 0.5520649880, 0.5365178468
0.5222977383, 0.5098109378, 0.5002574176, 0.4928295117
0.4863353637, 0.4797484979, 0.4723144306, 0.4634080767
0.4542952625, 0.4454682431, 0.4372974450, 0.4290030653
0.4198006091, 0.4104874980, 0.4021324111, 0.3952753532
0.3914054514, 0.3885470810, 0.3849319322, 0.3796364311
0.3723334614, 0.3652212072, 0.3578430783, 0.3534902970
0.3499481747, 0.3459523534, 0.3416492176, 0.3370758713
0.3322312664, 0.3275286532, 0.3236172151, 0.3194790890
0.3155209268, 0.3159497386, 0.3202910594, 0.3265530426
0.3330055673, 0.3381095990, 0.3402759470, 0.3388559988
0.3380417655, 0.3386796781, 0.3396641687, 0.3408904872
0.3422610110, 0.3436800358, 0.3448645649, 0.3451207668
0.3442573696, 0.3427749330, 0.3414737972, 0.3396484435
0.3401062224, 0.3448090917, 0.3555746943, 0.3682117817
0.3794714414, 0.3872068506, 0.3898046727, 0.3875726253
0.3854433621, 0.3872563354, 0.3908067949, 0.3951925734
0.4001536628, 0.4053667791, 0.4110892079, 0.4171889962
0.4237934051, 0.4309583931, 0.4386601042, 0.4468517779
0.4553233499, 0.4643097130, 0.4734501735, 0.4828530111
0.4924099986, 0.5020531336, 0.5117332277, 0.5213792248
0.5309940076, 0.5405640029, 0.5501474778, 0.5597633317
0.5693684351, 0.5789735386, 0.5885786421, 0.5981837456
0.6077888491, 0.6173939526, 0.6684579238, 0.6651032122
0.6591076996, 0.6504713860, 0.6391942713, 0.6250014804
0.6079996644, 0.5891005407, 0.5694028524, 0.5503518199
0.5328719128, 0.5171134128, 0.5028480101, 0.4898027887
0.4776691698, 0.4660879896, 0.4547504503, 0.4437274394
0.4332342717, 0.4233992380, 0.4142549790, 0.4056521961
0.3971663877, 0.3882976242, 0.3789993657, 0.3695299491
0.3601799057, 0.3512988965, 0.3431719676, 0.3351703326
0.3271411270, 0.3193289163, 0.3117649536, 0.3051660636
0.3022248774, 0.3020912987, 0.3026546964, 0.3025570876
0.3011746173, 0.2978173355, 0.2924138283, 0.2885616172
0.2851984608, 0.2826366838, 0.2829297438, 0.2850429186
0.2878405111, 0.2902026243, 0.2912422355, 0.2904254433
0.2882168816, 0.2875651816, 0.2877969803, 0.2887958969
0.2904517427, 0.2916371323, 0.2929532549, 0.2978995762
0.3038736045, 0.3096660616, 0.3147850201, 0.3188263239
0.3213185516, 0.3220777463, 0.3267165209, 0.3318680057
0.3364266361, 0.3394407042, 0.3404913440, 0.3409883101
0.3418092931, 0.3439921170, 0.3483485723, 0.3547489866
0.3620925857, 0.3697105783, 0.3779682608, 0.3887137367
0.3967137383, 0.4010302918, 0.4036863065, 0.4066195400
0.4115779145, 0.4201476471, 0.4337111411, 0.4499246739
0.4645170294, 0.4792400100, 0.4940979890, 0.5089491270
0.5237561152, 0.5385280828, 0.5532935193, 0.5680929920
0.5828847667, 0.5976745730, 0.6124643792, 0.6272541855
0.6420439918, 0.6568337981, 0.6716236044, 0.7070017724
0.6999266094, 0.6915001032, 0.6817222539, 0.6705930613
0.6578123359, 0.6440625953, 0.6286654164, 0.6117152182
0.5940420641, 0.5768680217, 0.5611144911, 0.5470096138
0.5343443960, 0.5227870302, 0.5119365310, 0.5013839283
0.4911078877, 0.4813171548, 0.4721644959, 0.4636976868
0.4557739536, 0.4479504705, 0.4396051886, 0.4305753776
0.4211288655, 0.4115553901, 0.4022056457, 0.3935728400
0.3855567660, 0.3773450973, 0.3688782734, 0.3601038558
0.3526372037, 0.3473230999, 0.3441426560, 0.3427705662
0.3415671886, 0.3395355952, 0.3357247828, 0.3310783158
0.3265949115, 0.3242187249, 0.3233842818, 0.3236470106
0.3238652879, 0.3225874691, 0.3196474885, 0.3177318388
0.3174033087, 0.3169696797, 0.3171707274, 0.3202660147
0.3243906441, 0.3280961891, 0.3330358329, 0.3367920914
0.3372536355, 0.3334255065, 0.3303623538, 0.3262111693
0.3228054738, 0.3232967168, 0.3302941431, 0.3413456989
0.3535554726, 0.3646564345, 0.3714058656, 0.3716035839
0.3671324254, 0.3642444867, 0.3644432590, 0.3689820475
0.3772663466, 0.3875886291, 0.3972817901, 0.4043858448
0.4114919381, 0.4152556738, 0.4177160389, 0.4185160217
0.4203612431, 0.4251255460, 0.4342522457, 0.4483914802
0.4642993949, 0.4808648120, 0.4961850290, 0.5113728208
0.5263989034, 0.5413584948, 0.5564036456, 0.5716407359
0.5869528661, 0.6020424621, 0.6171923475, 0.6323422330
0.6474921184, 0.6626420039, 0.6777918893, 0.6929417748
weight_table_end
origin_ocv_table_start
4=col
0x2d9ba516=crc
2.9997000000, 3.0394000000, 3.0760000000, 3.1107000000
3.1442000000, 3.1777000000, 3.2093000000, 3.2397000000
3.2682000000, 3.2955000000, 3.3209000000, 3.3457000000
3.3680000000, 3.3903000000, 3.4114000000, 3.4325000000
3.4530000000, 3.4740000000, 3.4939000000, 3.5137000000
3.5317000000, 3.5484000000, 3.5639000000, 3.5794000000
3.5937000000, 3.6086000000, 3.6222000000, 3.6365000000
3.6557000000, 3.6755000000, 3.6867000000, 3.6948000000
3.7022000000, 3.7084000000, 3.7152000000, 3.7245000000
3.7363000000, 3.7481000000, 3.7599000000, 3.7710000000
3.7828000000, 3.7940000000, 3.8039000000, 3.8132000000
3.8231000000, 3.8324000000, 3.8411000000, 3.8504000000
3.8591000000, 3.8671000000, 3.8752000000, 3.8833000000
3.8919000000, 3.9006000000, 3.9087000000, 3.9174000000
3.9273000000, 3.9347000000, 3.9440000000, 3.9533000000
3.9626000000, 3.9725000000, 3.9818000000, 3.9924000000
4.0035000000, 4.0147000000, 4.0271000000, 4.0395000000
4.0525000000, 4.0674000000, 4.0823000000, 4.0966000000
4.1102000000, 4.1245000000, 4.1369000000, 4.1499000000
4.1629000000, 4.1753000000, 4.1877000000, 4.2001000000
4.2119000000, 4.2237000000, 4.2348000000, 4.2466000000
4.2578000000, 4.2689000000, 4.2807000000, 4.2906000000
4.3012000000, 4.3117000000, 4.3216000000, 4.3309000000
4.3408000000, 4.3508000000, 4.3594000000, 4.3687000000
4.3793000000, 4.3892000000, 4.4016000000, 4.4177000000
4.4475000000, 2.9997000000, 3.0518000000, 3.0946000000
3.1301000000, 3.1624000000, 3.1925666667, 3.2208333333
3.2495666667, 3.2768666667, 3.3037666667, 3.3287666667
3.3527000000, 3.3742000000, 3.3953000000, 3.4151333333
3.4341666667, 3.4530000000, 3.4724000000, 3.4909666667
3.5095666667, 3.5275666667, 3.5447333333, 3.5623000000
3.5786000000, 3.5937000000, 3.6086000000, 3.6226000000
3.6365000000, 3.6515666667, 3.6672333333, 3.6825666667
3.6964000000, 3.7059333333, 3.7125333333, 3.7193333333
3.7265666667, 3.7363000000, 3.7481000000, 3.7603000000
3.7718666667, 3.7840666667, 3.7960666667, 3.8072333333
3.8165333333, 3.8272333333, 3.8374000000, 3.8477000000
3.8582666667, 3.8681666667, 3.8774333333, 3.8863333333
3.8952333333, 3.9035000000, 3.9126000000, 3.9211000000
3.9298000000, 3.9393000000, 3.9479666667, 3.9572666667
3.9669666667, 3.9762666667, 3.9861666667, 3.9962666667
4.0068666667, 4.0179666667, 4.0295666667, 4.0423666667
4.0564333333, 4.0715666667, 4.0880666667, 4.1033666667
4.1180666667, 4.1316666667, 4.1451666667, 4.1579666667
4.1709666667, 4.1831666667, 4.1959666667, 4.2083666667
4.2207666667, 4.2329666667, 4.2447666667, 4.2563333333
4.2680666667, 4.2796666667, 4.2908333333, 4.3017666667
4.3121333333, 4.3226666667, 4.3327666667, 4.3426666667
4.3524333333, 4.3619333333, 4.3714666667, 4.3805333333
4.3894333333, 4.3991666667, 4.4086666667, 4.4210666667
4.4371666667, 4.4661000000, 2.9997000000, 3.0600000000
3.1074500000, 3.1443000000, 3.1761500000, 3.2043250000
3.2306500000, 3.2577750000, 3.2840000000, 3.3100500000
3.3347000000, 3.3579000000, 3.3791500000, 3.3996500000
3.4188500000, 3.4367000000, 3.4545500000, 3.4726750000
3.4902750000, 3.5079750000, 3.5258000000, 3.5432000000
3.5615000000, 3.5782000000, 3.5938500000, 3.6086000000
3.6228000000, 3.6365000000, 3.6493500000, 3.6626500000
3.6788000000, 3.6953500000, 3.7070250000, 3.7144500000
3.7212500000, 3.7274500000, 3.7356750000, 3.7464000000
3.7588000000, 3.7707500000, 3.7830000000, 3.7954000000
3.8071750000, 3.8169500000, 3.8277500000, 3.8381750000
3.8493000000, 3.8605000000, 3.8713000000, 3.8820000000
3.8920750000, 3.9018250000, 3.9103750000, 3.9195250000
3.9280750000, 3.9369250000, 3.9460750000, 3.9552000000
3.9645000000, 3.9742500000, 3.9837250000, 3.9934750000
4.0039750000, 4.0145500000, 4.0253750000, 4.0371500000
4.0498500000, 4.0643000000, 4.0803250000, 4.0979500000
4.1139000000, 4.1288000000, 4.1424000000, 4.1555000000
4.1683500000, 4.1810250000, 4.1929750000, 4.2058250000
4.2182250000, 4.2304750000, 4.2428750000, 4.2546750000
4.2664750000, 4.2782000000, 4.2898250000, 4.3010250000
4.3115250000, 4.3222750000, 4.3326250000, 4.3426750000
4.3527500000, 4.3627250000, 4.3720250000, 4.3813250000
4.3906250000, 4.3994750000, 4.4087750000, 4.4180750000
4.4301750000, 4.4456500000, 4.4723000000, 2.9997000000
3.0640000000, 3.1145500000, 3.1533000000, 3.1854500000
3.2129750000, 3.2387500000, 3.2643250000, 3.2896000000
3.3143500000, 3.3387000000, 3.3613000000, 3.3828500000
3.4033500000, 3.4225500000, 3.4401000000, 3.4576500000
3.4748250000, 3.4918250000, 3.5089250000, 3.5264000000
3.5438000000, 3.5615000000, 3.5782000000, 3.5941500000
3.6086000000, 3.6228000000, 3.6365000000, 3.6490500000
3.6617500000, 3.6754000000, 3.6916500000, 3.7054750000
3.7141500000, 3.7209500000, 3.7271500000, 3.7344250000
3.7430000000, 3.7554000000, 3.7676500000, 3.7796000000
3.7920000000, 3.8037250000, 3.8144500000, 3.8246500000
3.8347250000, 3.8459000000, 3.8571000000, 3.8685000000
3.8808000000, 3.8924250000, 3.9030750000, 3.9125250000
3.9213750000, 3.9296250000, 3.9387750000, 3.9476250000
3.9564000000, 3.9657000000, 3.9751500000, 3.9849750000
3.9944250000, 4.0049250000, 4.0154500000, 4.0257250000
4.0374500000, 4.0495500000, 4.0631000000, 4.0787750000
4.0970500000, 4.1139000000, 4.1288000000, 4.1424000000
4.1555000000, 4.1680500000, 4.1800750000, 4.1923250000
4.2048750000, 4.2172750000, 4.2292250000, 4.2416250000
4.2534250000, 4.2652250000, 4.2770000000, 4.2882750000
4.2994750000, 4.3099750000, 4.3210250000, 4.3310750000
4.3414250000, 4.3518500000, 4.3617750000, 4.3710750000
4.3803750000, 4.3896750000, 4.3988250000, 4.4081250000
4.4174250000, 4.4289250000, 4.4431500000, 4.4661000000
origin_ocv_table_end
temp_break_points_table_start
4=col
0x57b4fd9b=crc
10.0, 20.0, 30.0, 40.0
temp_break_points_table_end
max_limit_list_table_start
12=col
0x121b579e=crc
4.6, 46.0, 7.0, 1.0, 0.0, 0.0, 0.0, 0.0, 15.1, 14.6, 14.6, 14.6
max_limit_list_table_end
min_limit_list_table_start
12=col
0x5e9e11b3=crc
2.9, 19.0, 0.5, 0.0, 0.0, 0.0, 0.0, 0.0, -15.1, 2.0, 2.0, 2.0
min_limit_list_table_end
initial_charge_current_table_start
6=col
0x0=crc
0.0, 0.0, 0.0, 0.0, 0.0, 0.0
initial_charge_current_table_end
max_voltage_table_start
4=col
0xe2fa1991=crc
4.45, 4.50, 4.55, 4.56
max_voltage_table_end
controller_parameters_table_start
4=col
0xac0896cc=crc
3.0, 3.0, 6.0, 6.0
controller_parameters_table_end
soc_bp_3_table_start
4=col
0x9186b1f2=crc
0.00, 0.33, 0.80, 1.00
soc_bp_3_table_end
battery_property_table_start
4=col
0x3e1956dc=crc
1, 1, 3, 2
battery_property_table_end
cathode_ocv_table_start
4=col
0x8a97407=crc
3.8020000000, 3.8104000000, 3.8141000000, 3.8203000000
3.8246000000, 3.8330000000, 3.8392000000, 3.8479000000
3.8541000000, 3.8622000000, 3.8690000000, 3.8742000000
3.8789000000, 3.8823000000, 3.8860000000, 3.8885000000
3.8932000000, 3.8974000000, 3.9031000000, 3.9086000000
3.9139000000, 3.9188000000, 3.9216000000, 3.9263000000
3.9285000000, 3.9328000000, 3.9343000000, 3.9390000000
3.9495000000, 3.9628000000, 3.9694000000, 3.9725000000
3.9765000000, 3.9790000000, 3.9821000000, 3.9870000000
3.9948000000, 4.0016000000, 4.0091000000, 4.0152000000
4.0236000000, 4.0311000000, 4.0376000000, 4.0438000000
4.0509000000, 4.0580000000, 4.0640000000, 4.0711000000
4.0776000000, 4.0841000000, 4.0903000000, 4.0965000000
4.1036000000, 4.1107000000, 4.1176000000, 4.1248000000
4.1334000000, 4.1396000000, 4.1479000000, 4.1560000000
4.1641000000, 4.1730000000, 4.1808000000, 4.1901000000
4.2000000000, 4.2103000000, 4.2214000000, 4.2323000000
4.2434000000, 4.2568000000, 4.2701000000, 4.2832000000
4.2955000000, 4.3077000000, 4.3188000000, 4.3303000000
4.3420000000, 4.3532000000, 4.3650000000, 4.3768000000
4.3889000000, 4.4007000000, 4.4112000000, 4.4214000000
4.4320000000, 4.4428000000, 4.4546000000, 4.4642000000
4.4754000000, 4.4862000000, 4.4967000000, 4.5076000000
4.5184000000, 4.5296000000, 4.5392000000, 4.5491000000
4.5597000000, 4.5680000000, 4.5755000000, 4.5792000000
4.5584000000, 3.8014000000, 3.8169000000, 3.8274000000
3.8329000000, 3.8382000000, 3.8395666667, 3.8405333333
3.8447666667, 3.8478666667, 3.8533666667, 3.8594666667
3.8648000000, 3.8686000000, 3.8718000000, 3.8751333333
3.8774666667, 3.8789000000, 3.8841000000, 3.8874666667
3.8902666667, 3.8951666667, 3.8984333333, 3.9058000000
3.9106000000, 3.9164000000, 3.9204000000, 3.9254000000
3.9307000000, 3.9357666667, 3.9424333333, 3.9500666667
3.9555000000, 3.9582333333, 3.9602333333, 3.9629333333
3.9667666667, 3.9728000000, 3.9812000000, 3.9884000000
3.9943666667, 4.0010666667, 4.0083666667, 4.0142333333
4.0195333333, 4.0262333333, 4.0320000000, 4.0396000000
4.0470666667, 4.0541666667, 4.0603333333, 4.0673333333
4.0734333333, 4.0795000000, 4.0871000000, 4.0940000000
4.1003000000, 4.1082000000, 4.1159666667, 4.1236666667
4.1321666667, 4.1402666667, 4.1482666667, 4.1571666667
4.1670666667, 4.1769666667, 4.1873666667, 4.1988666667
4.2110333333, 4.2249666667, 4.2402666667, 4.2536666667
4.2671666667, 4.2785666667, 4.2901666667, 4.3014666667
4.3119666667, 4.3222666667, 4.3332666667, 4.3443666667
4.3555666667, 4.3665666667, 4.3770666667, 4.3877333333
4.3985666667, 4.4094666667, 4.4200333333, 4.4303666667
4.4407333333, 4.4503666667, 4.4610666667, 4.4703666667
4.4804333333, 4.4899333333, 4.4988666667, 4.5079333333
4.5158333333, 4.5237666667, 4.5295666667, 4.5347666667
4.5338666667, 4.5101000000, 3.8001000000, 3.8204000000
3.8322500000, 3.8381000000, 3.8432500000, 3.8417250000
3.8422500000, 3.8442750000, 3.8463000000, 3.8485500000
3.8530000000, 3.8576000000, 3.8590500000, 3.8630500000
3.8661500000, 3.8666000000, 3.8686500000, 3.8712750000
3.8715750000, 3.8740750000, 3.8779000000, 3.8823000000
3.8873000000, 3.8934000000, 3.8982500000, 3.9024000000
3.9077000000, 3.9130000000, 3.9143500000, 3.9152500000
3.9227000000, 3.9340500000, 3.9426250000, 3.9469500000
3.9512500000, 3.9534500000, 3.9554750000, 3.9593000000
3.9646000000, 3.9706500000, 3.9773000000, 3.9842000000
3.9912750000, 3.9976500000, 4.0044500000, 4.0114750000
4.0195000000, 4.0276000000, 4.0359000000, 4.0444000000
4.0522750000, 4.0602250000, 4.0674750000, 4.0748250000
4.0820750000, 4.0897250000, 4.0979750000, 4.1058000000
4.1145000000, 4.1230500000, 4.1318250000, 4.1400750000
4.1499750000, 4.1595500000, 4.1691750000, 4.1797500000
4.1911500000, 4.2034000000, 4.2173250000, 4.2327500000
4.2456000000, 4.2577000000, 4.2695000000, 4.2801000000
4.2907500000, 4.3019250000, 4.3122750000, 4.3242250000
4.3356250000, 4.3472750000, 4.3584750000, 4.3696750000
4.3807750000, 4.3919000000, 4.4029250000, 4.4138250000
4.4237250000, 4.4341750000, 4.4442250000, 4.4535750000
4.4633500000, 4.4730250000, 4.4817250000, 4.4904250000
4.4991250000, 4.5063750000, 4.5131750000, 4.5175750000
4.5196750000, 4.5147500000, 4.4989000000, 3.8004000000
3.8207000000, 3.8340500000, 3.8434000000, 3.8460500000
3.8481750000, 3.8491500000, 3.8477250000, 3.8494000000
3.8503500000, 3.8545000000, 3.8582000000, 3.8605500000
3.8646500000, 3.8664500000, 3.8685000000, 3.8708500000
3.8713250000, 3.8731250000, 3.8737250000, 3.8767000000
3.8811000000, 3.8854000000, 3.8910000000, 3.8954500000
3.9003000000, 3.9052000000, 3.9096000000, 3.9137500000
3.9143500000, 3.9175000000, 3.9281500000, 3.9382750000
3.9444500000, 3.9487500000, 3.9518500000, 3.9532250000
3.9541000000, 3.9603000000, 3.9657500000, 3.9715000000
3.9783000000, 3.9856250000, 3.9923500000, 3.9985500000
4.0049250000, 4.0130000000, 4.0201000000, 4.0287000000
4.0386000000, 4.0477250000, 4.0564750000, 4.0640250000
4.0716750000, 4.0787250000, 4.0862750000, 4.0945250000
4.1021000000, 4.1107000000, 4.1195500000, 4.1284750000
4.1373250000, 4.1471250000, 4.1564500000, 4.1655250000
4.1762500000, 4.1874500000, 4.1995000000, 4.2135750000
4.2296500000, 4.2441000000, 4.2565000000, 4.2676000000
4.2782000000, 4.2885500000, 4.2990750000, 4.3097250000
4.3213750000, 4.3322750000, 4.3432250000, 4.3550250000
4.3659250000, 4.3771250000, 4.3882000000, 4.3988750000
4.4097750000, 4.4196750000, 4.4301250000, 4.4398750000
4.4492250000, 4.4590500000, 4.4686750000, 4.4770750000
4.4857750000, 4.4940750000, 4.5017250000, 4.5088250000
4.5122250000, 4.5132250000, 4.5069500000, 4.4884000000
cathode_ocv_table_end
si_anode_soc_table_start
4=col
0xab1a327b=crc
1.0000000000, 0.9999975000, 0.9999962000, 0.9999949000
0.9999936000, 0.9999923000, 0.9999910000, 0.9999897000
0.9999884000, 0.9999871000, 0.9999858000, 0.9999845000
0.9999832000, 0.9999819000, 0.9999806000, 0.9999793000
0.9999780000, 0.9999770000, 0.9995421890, 0.9984974410
0.9970300981, 0.9951518993, 0.9928745833, 0.9901159788
0.9867352209, 0.9826149223, 0.9772620557, 0.9699018641
0.9624125464, 0.9539136968, 0.9450274687, 0.9347091140
0.9242733718, 0.9133798188, 0.9007254543, 0.8875311077
0.8730807156, 0.8575503592, 0.8400009391, 0.8216650232
0.8014626473, 0.7814011363, 0.7598605437, 0.7379912664
0.7185284312, 0.6980678030, 0.6781706344, 0.6603394844
0.6416514063, 0.6244189322, 0.6069516833, 0.5900361553
0.5734610509, 0.5569094239, 0.5409447340, 0.5238766023
0.5070197680, 0.4902451049, 0.4727426398, 0.4559092830
0.4380663943, 0.4211508663, 0.4038831760, 0.3868502606
0.3704747147, 0.3543926375, 0.3394961732, 0.3243297178
0.3104310466, 0.2964619430, 0.2832793351, 0.2711766916
0.2586044983, 0.2468774945, 0.2361013288, 0.2247147486
0.2140207541, 0.2038784805, 0.1933488285, 0.1834061135
0.1740385970, 0.1637554585, 0.1538362211, 0.1450204254
0.1355707377, 0.1260271400, 0.1168826595, 0.1080081702
0.0983824013, 0.0893553083, 0.0803986477, 0.0716298070
0.0625557590, 0.0538808283, 0.0455815373, 0.0373292013
0.0290064328, 0.0211884303, 0.0137812837, 0.0065736958
0.0000000000, 1.0000000000, 0.9999600000, 0.9999200000
0.9998800000, 0.9998400000, 0.9998000000, 0.9997600000
0.9997200000, 0.9996933519, 0.9985280890, 0.9967801946
0.9948278682, 0.9926608881, 0.9903201406, 0.9877647396
0.9849333551, 0.9818157658, 0.9784221931, 0.9747117508
0.9705413362, 0.9659825006, 0.9610148009, 0.9554746913
0.9492906207, 0.9426772426, 0.9353585739, 0.9273755009
0.9184929266, 0.9087619593, 0.8980497179, 0.8861722136
0.8733236569, 0.8585227737, 0.8425259629, 0.8242190694
0.8041336168, 0.7825251451, 0.7593016600, 0.7355773162
0.7114032218, 0.6877095429, 0.6652220132, 0.6434397743
0.6229659007, 0.6039639382, 0.5858308120, 0.5686585166
0.5524368305, 0.5364706844, 0.5214244828, 0.5059489738
0.4911685338, 0.4759485649, 0.4611681249, 0.4459992640
0.4312903753, 0.4162339521, 0.4016783874, 0.3870512716
0.3728636847, 0.3586965410, 0.3453880121, 0.3319466023
0.3193024777, 0.3067605691, 0.2948319568, 0.2833224303
0.2719662278, 0.2612335432, 0.2506235179, 0.2403201406
0.2305074004, 0.2205924442, 0.2109636929, 0.2016620329
0.1923399297, 0.1830995993, 0.1741352523, 0.1651504620
0.1561656718, 0.1471706599, 0.1384209666, 0.1295077275
0.1206762613, 0.1121310001, 0.1033710851, 0.0948258239
0.0864543299, 0.0782872680, 0.0701508709, 0.0622700139
0.0548797939, 0.0475406820, 0.0404060021, 0.0337108513
0.0273223485, 0.0211996075, 0.0153221850, 0.0097411890
0.0044055115, 0.0000000000, 1.0000000000, 0.9999000000
0.9998000000, 0.9997000000, 0.9996000000, 0.9995036303
0.9979950558, 0.9960679734, 0.9939365036, 0.9916882409
0.9892647889, 0.9866661476, 0.9838436533, 0.9807291768
0.9774200455, 0.9738286649, 0.9700231639, 0.9658672844
0.9613902244, 0.9564654585, 0.9510443229, 0.9452338777
0.9387324081, 0.9317248360, 0.9240067740, 0.9154516964
0.9060304051, 0.8955385124, 0.8838884239, 0.8708562864
0.8560819886, 0.8393124793, 0.8202655091, 0.7985517684
0.7746286960, 0.7493722383, 0.7240963152, 0.6992875635
0.6757635334, 0.6537480778, 0.6329686800, 0.6136783914
0.5955949623, 0.5784458762, 0.5622214003, 0.5467366126
0.5317773928, 0.5171296206, 0.5027057014, 0.4884861698
0.4741595780, 0.4598135207, 0.4454479980, 0.4310240788
0.4166488233, 0.4024779553, 0.3883557511, 0.3744282016
0.3608996944, 0.3475658420, 0.3347770229, 0.3222607206
0.3101629261, 0.2984155101, 0.2869600763, 0.2759523485
0.2653436630, 0.2549296323, 0.2448367820, 0.2349677846
0.2252739766, 0.2157748234, 0.2064411267, 0.1971950246
0.1880657155, 0.1789656045, 0.1699822864, 0.1610573648
0.1521227104, 0.1431685905, 0.1342631343, 0.1255815312
0.1167734024, 0.1081696611, 0.0997313764, 0.0914001518
0.0832635820, 0.0753703307, 0.0677301306, 0.0604013782
0.0533548751, 0.0466782162, 0.0402643412, 0.0342105775
0.0284487961, 0.0229497985, 0.0177817141, 0.0128569482
0.0081560353, 0.0037081736, 0.0000000000, 1.0000000000
0.9999500000, 0.9999000000, 0.9998800000, 0.9998599492
0.9988702569, 0.9971336271, 0.9950888856, 0.9929040932
0.9905699134, 0.9880583358, 0.9852666567, 0.9821668659
0.9788243203, 0.9753790708, 0.9717937705, 0.9679470421
0.9636801613, 0.9590398118, 0.9539886465, 0.9484519719
0.9423831043, 0.9356886764, 0.9283500149, 0.9202924261
0.9111891246, 0.9010401105, 0.8898173738, 0.8771847924
0.8630396624, 0.8467377502, 0.8285218106, 0.8078783239
0.7852554526, 0.7614468180, 0.7369005826, 0.7125690917
0.6888351509, 0.6663149836, 0.6446071108, 0.6244117867
0.6052808485, 0.5873730206, 0.5704082014, 0.5543303705
0.5388780998, 0.5237432776, 0.5090379444, 0.4944259785
0.4799167165, 0.4652860771, 0.4506461010, 0.4361368390
0.4215995668, 0.4071836719, 0.3926463998, 0.3786880042
0.3648976696, 0.3515648342, 0.3385681207, 0.3258141619
0.3137137735, 0.3018001195, 0.2905120257, 0.2793172991
0.2684867045, 0.2580482522, 0.2478152076, 0.2378249178
0.2280587093, 0.2183858679, 0.2088717508, 0.1995163579
0.1902263221, 0.1809082761, 0.1717209441, 0.1626456528
0.1534489842, 0.1444203765, 0.1354477891, 0.1265218853
0.1176426651, 0.1089501793, 0.1004350911, 0.0920320436
0.0838717508, 0.0760475799, 0.0685408575, 0.0613422468
0.0545077682, 0.0479907380, 0.0418565133, 0.0360770840
0.0305870929, 0.0253865402, 0.0204567523, 0.0158350762
0.0114561548, 0.0072639677, 0.0033425456, 0.0000000000
si_anode_soc_table_end
gr_anode_soc_table_start
4=col
0x5931fa72=crc
1.0000000000, 0.9999900000, 0.9999680000, 0.9999600000
0.9999300000, 0.9999000000, 0.9998000000, 0.9997000000
0.9996000000, 0.9995000000, 0.9994000000, 0.9993000000
0.9992000000, 0.9991000000, 0.9990000000, 0.9989000000
0.9988000000, 0.9987000000, 0.9986000000, 0.9984000000
0.9982000000, 0.9980000000, 0.3931289250, 0.3198867130
0.2738332720, 0.2406600170, 0.2134466200, 0.1916266470
0.1742888810, 0.1572466450, 0.1369289500, 0.1123999510
0.0911710380, 0.0790789310, 0.0705578130, 0.0638345030
0.0582933140, 0.0538111070, 0.0500043981, 0.0467553257
0.0439245300, 0.0413988425, 0.0391577390, 0.0371136560
0.0352665925, 0.0335356306, 0.0319172515, 0.0303965029
0.0290112060, 0.0276566925, 0.0263799511, 0.0251939415
0.0240258939, 0.0229461219, 0.0218842187, 0.0208860980
0.0199157742, 0.0190042273, 0.0181185493, 0.0172664312
0.0164511760, 0.0156448235, 0.0148934861, 0.0141666127
0.0134466200, 0.0127652592, 0.0121207276, 0.0114796598
0.0108683091, 0.0102907803, 0.0097313024, 0.0091680003
0.0086437315, 0.0081455486, 0.0076640810, 0.0071728826
0.0067287828, 0.0062961348, 0.0058825781, 0.0054785770
0.0050686493, 0.0047004445, 0.0043410583, 0.0039966928
0.0036653939, 0.0033473708, 0.0030424445, 0.0027312504
0.0024479740, 0.0021842703, 0.0019349095, 0.0016992980
0.0014763543, 0.0012689648, 0.0010743506, 0.0008858818
0.0007016182, 0.0005292498, 0.0003747243, 0.0002273308
0.0000874349, 1.0000000000, 0.9995000000, 0.9990000000
0.9985000000, 0.9980000000, 0.9970000000, 0.9960000000
0.9950000000, 0.9940000000, 0.9930000000, 0.9920000000
0.9910000000, 0.9900000000, 0.9899724087, 0.6810525882
0.6135362188, 0.5734052629, 0.5133426677, 0.3605608862
0.2776839764, 0.2325495202, 0.2012930857, 0.1793641642
0.1622740189, 0.1469958407, 0.1338384878, 0.1222254252
0.0914631635, 0.0647366470, 0.0538236626, 0.0484907137
0.0450726846, 0.0424576864, 0.0402544990, 0.0383189886
0.0365482024, 0.0349009595, 0.0333360787, 0.0318741506
0.0304534036, 0.0291150187, 0.0278178149, 0.0265823827
0.0253881316, 0.0242350616, 0.0231437631, 0.0220730552
0.0210641189, 0.0200963637, 0.0191491990, 0.0182432154
0.0173784129, 0.0165342009, 0.0157311700, 0.0149487296
0.0142074702, 0.0135073920, 0.0128073138, 0.0121484166
0.0115101100, 0.0109129844, 0.0102952683, 0.0097599143
0.0092039699, 0.0086892064, 0.0081538525, 0.0077008607
0.0072272783, 0.0067742865, 0.0063624758, 0.0059712556
0.0055594449, 0.0051888152, 0.0048387761, 0.0044681464
0.0041386979, 0.0038298398, 0.0035415723, 0.0032533048
0.0029856278, 0.0027179508, 0.0024914549, 0.0022649590
0.0020590537, 0.0018531483, 0.0016884240, 0.0015442902
0.0014001565, 0.0012560227, 0.0011118890, 0.0009883458
0.0008648025, 0.0007618499, 0.0006383066, 0.0005353540
0.0004324013, 0.0003120000, 0.0002470864, 0.0001441338
0.0000617716, 0.0000000000, 1.0000000000, 0.9998000000
0.9994000000, 0.9992000000, 0.9990000000, 0.9989492827
0.9962618711, 0.9931097191, 0.9894726207, 0.9847443928
0.9778136997, 0.9661264902, 0.8930551627, 0.6119620125
0.5666801374, 0.5371388159, 0.4302889473, 0.2957567185
0.2434229137, 0.2141846838, 0.1887249949, 0.1689230148
0.1546777127, 0.1406950899, 0.1285108103, 0.1181248737
0.0807839968, 0.0577692463, 0.0499090725, 0.0462921802
0.0438068297, 0.0417458072, 0.0398464336, 0.0381087088
0.0364316023, 0.0348757325, 0.0333400687, 0.0319256415
0.0305314205, 0.0291978177, 0.0279248333, 0.0267124672
0.0255405132, 0.0244089715, 0.0232976359, 0.0222873308
0.0212568196, 0.0202869267, 0.0193574459, 0.0184481713
0.0175995151, 0.0167710649, 0.0159830269, 0.0152151950
0.0144473631, 0.0137401495, 0.0130531420, 0.0124065468
0.0117801576, 0.0111537684, 0.0105677915, 0.0100222267
0.0094564558, 0.0089513033, 0.0084259446, 0.0079814104
0.0074964639, 0.0070721358, 0.0066478076, 0.0062234795
0.0058193574, 0.0054556476, 0.0050919378, 0.0047484340
0.0044049303, 0.0040816327, 0.0037785411, 0.0034956557
0.0032127703, 0.0029500909, 0.0027076177, 0.0024651445
0.0022832896, 0.0020812285, 0.0018791675, 0.0016973126
0.0015558699, 0.0014144272, 0.0012729844, 0.0011315417
0.0010305112, 0.0008890685, 0.0007678319, 0.0006465953
0.0005657709, 0.0004647404, 0.0003200000, 0.0002626793
0.0001818549, 0.0000808244, 0.0000000000, 1.0000000000
0.9998000000, 0.9996000000, 0.9994666667, 0.9993900874
0.9973679819, 0.9943148598, 0.9911344821, 0.9874190736
0.9827314809, 0.9761895870, 0.9655314874, 0.7488688135
0.5971309375, 0.5568820947, 0.5338698144, 0.4559780505
0.3392371936, 0.2735295098, 0.2477971515, 0.2266294291
0.1969067423, 0.1749135909, 0.1570183987, 0.1442862121
0.1300791287, 0.1105379115, 0.0977219537, 0.0672641925
0.0560325632, 0.0506682131, 0.0474505053, 0.0450749314
0.0431404513, 0.0413782960, 0.0396842109, 0.0381351507
0.0365297000, 0.0350139584, 0.0336013967, 0.0322505280
0.0309198654, 0.0296718184, 0.0284372421, 0.0271679143
0.0259599212, 0.0247313638, 0.0235506704, 0.0225079085
0.0214303950, 0.0204145745, 0.0194469763, 0.0185481646
0.0176975752, 0.0168331569, 0.0160166026, 0.0152206126
0.0144519223, 0.0137176253, 0.0129971572, 0.0123593048
0.0117210940, 0.0110623190, 0.0104928949, 0.0099167354
0.0093813463, 0.0088324865, 0.0083314908, 0.0078581529
0.0073986441, 0.0069182126, 0.0064927388, 0.0060949229
0.0056900135, 0.0053127619, 0.0049422457, 0.0045784649
0.0042352484, 0.0039196899, 0.0036246956, 0.0033226078
0.0030343490, 0.0027801252, 0.0025191660, 0.0022858648
0.0020592989, 0.0018600327, 0.0016607666, 0.0015029873
0.0013175501, 0.0011732415, 0.0010292912, 0.0008920763
0.0007548613, 0.0006449461, 0.0005282955, 0.0003442372
0.0003088232, 0.0002127369, 0.0000960863, 0.0000000000
gr_anode_soc_table_end
anode_soc_table_start
4=col
0x5ab6781d=crc
1.0000000000, 0.9999922789, 0.9999765685, 0.9999706043
0.9999493248, 0.9999280453, 0.9998580351, 0.9997880250
0.9997180149, 0.9996480048, 0.9995779947, 0.9995079846
0.9994379744, 0.9993679643, 0.9992979542, 0.9992279441
0.9991579340, 0.9990880150, 0.9988862831, 0.9984296073
0.9978445266, 0.9971346078, 0.5753609728, 0.5235351262
0.4904477322, 0.4661021855, 0.4455310863, 0.4281047017
0.4137593757, 0.3993130381, 0.3824687815, 0.3622576709
0.3443082508, 0.3325803231, 0.3228033228, 0.3141137955
0.3058655551, 0.2980263803, 0.2900439640, 0.2822107710
0.2741016401, 0.2662477122, 0.2581424806, 0.2500745344
0.2428749384, 0.2354529883, 0.2282806194, 0.2218039736
0.2151612460, 0.2089822319, 0.2027860229, 0.1968206167
0.1909711521, 0.1851902743, 0.1796001760, 0.1737192005
0.1679217782, 0.1621902412, 0.1562555710, 0.1505475714
0.1445584888, 0.1388573813, 0.1330875685, 0.1274061225
0.1219292075, 0.1165683562, 0.1115933908, 0.1065388002
0.1018901120, 0.0972435682, 0.0928485663, 0.0887790482
0.0845940311, 0.0806839835, 0.0770744834, 0.0732727354
0.0697142165, 0.0663313097, 0.0628439887, 0.0595416601
0.0564099790, 0.0530291327, 0.0497649964, 0.0468465963
0.0437446851, 0.0406234815, 0.0376326666, 0.0347195248
0.0315975425, 0.0286710927, 0.0257760286, 0.0229476050
0.0200352631, 0.0172550207, 0.0145978095, 0.0119591437
0.0093020045, 0.0068065187, 0.0044482924, 0.0021556667
0.0000608679, 1.0000000000, 0.9996488261, 0.9992976522
0.9989464783, 0.9985953044, 0.9979058981, 0.9972164917
0.9965270853, 0.9958419987, 0.9947885304, 0.9935465604
0.9922384494, 0.9908608905, 0.9900849122, 0.7802847109
0.7336961995, 0.7055403640, 0.6638121823, 0.5592601998
0.5018475977, 0.4698407758, 0.4470896676, 0.4304631008
0.4169014526, 0.4044266407, 0.3931583066, 0.3827196728
0.3590362563, 0.3378083951, 0.3269603581, 0.3195100163
0.3130408813, 0.3064833225, 0.2998174149, 0.2925851887
0.2848889665, 0.2767835670, 0.2682113691, 0.2595467699
0.2507645181, 0.2421934127, 0.2340403964, 0.2261573526
0.2187254684, 0.2117976565, 0.2051927299, 0.1989125946
0.1929818009, 0.1871615410, 0.1816528441, 0.1760331087
0.1706661102, 0.1651708373, 0.1598456251, 0.1544086738
0.1491483972, 0.1438035385, 0.1386207252, 0.1334426201
0.1284206468, 0.1234331451, 0.1187095066, 0.1139985916
0.1095316975, 0.1051257314, 0.1009042593, 0.0968740913
0.0928796002, 0.0891007678, 0.0853894775, 0.0817913273
0.0783379867, 0.0748794331, 0.0715274056, 0.0682672749
0.0650283876, 0.0618298854, 0.0587346023, 0.0556327051
0.0525447367, 0.0494534613, 0.0464694125, 0.0434324510
0.0404358746, 0.0375318955, 0.0345863260, 0.0317241333
0.0289181604, 0.0261783284, 0.0234484175, 0.0208151116
0.0183405440, 0.0158964403, 0.0135045489, 0.0112687892
0.0091322409, 0.0070698726, 0.0051244088, 0.0032491172
0.0014671236, 0.0000000000, 1.0000000000, 0.9998328177
0.9995312708, 0.9993640885, 0.9991969062, 0.9991312069
0.9968306626, 0.9940805504, 0.9909375648, 0.9870232046
0.9815716847, 0.9728671349, 0.9228498641, 0.7329829423
0.7014755595, 0.6804504137, 0.6074173444, 0.5156716447
0.4790433265, 0.4577842181, 0.4389007231, 0.4236904439
0.4119864901, 0.4002929191, 0.3895743497, 0.3797892591
0.3516109501, 0.3327059145, 0.3236019776, 0.3168952177
0.3103769163, 0.3034889057, 0.2959620840, 0.2876686887
0.2786909662, 0.2693571067, 0.2600304340, 0.2509385258
0.2422818087, 0.2341608960, 0.2264863539, 0.2193412280
0.2126193156, 0.2062311830, 0.2001600612, 0.1943995627
0.1887979686, 0.1833393093, 0.1779812632, 0.1727038673
0.1674320616, 0.1621674426, 0.1569235854, 0.1516741387
0.1464406623, 0.1413149860, 0.1362188549, 0.1312137549
0.1263531864, 0.1215564991, 0.1169658291, 0.1124917427
0.1081414260, 0.1039468203, 0.0998344616, 0.0959233293
0.0921160038, 0.0884132843, 0.0848159688, 0.0812921167
0.0778393327, 0.0744775798, 0.0711701259, 0.0679049934
0.0646781898, 0.0614745432, 0.0583228003, 0.0552037967
0.0520815990, 0.0489665881, 0.0458811225, 0.0428691203
0.0398563200, 0.0368970201, 0.0339920193, 0.0311357281
0.0283704679, 0.0256850594, 0.0230826964, 0.0205825433
0.0182021680, 0.0159160171, 0.0137296808, 0.0116615248
0.0097163405, 0.0078438210, 0.0060505343, 0.0043958297
0.0027987981, 0.0012712372, 0.0000000000, 1.0000000000
0.9998505149, 0.9997010298, 0.9996058633, 0.9995483209
0.9978738972, 0.9952641250, 0.9924661910, 0.9892662421
0.9853711989, 0.9801865788, 0.9721776227, 0.8274356798
0.7256723148, 0.6978176732, 0.6813477404, 0.6283918315
0.5495283926, 0.5043861144, 0.4856184801, 0.4697147641
0.4479578808, 0.4311168203, 0.4167767093, 0.4056187686
0.3931304658, 0.3767522238, 0.3644728088, 0.3400179631
0.3278051658, 0.3187574159, 0.3104888126, 0.3019612257
0.2930595976, 0.2838729363, 0.2744830225, 0.2652616129
0.2562040377, 0.2476147184, 0.2393673847, 0.2316703430
0.2243451517, 0.2174866558, 0.2109546676, 0.2046983385
0.1986933562, 0.1927816407, 0.1870463077, 0.1814338983
0.1758330278, 0.1702321984, 0.1646602073, 0.1591778579
0.1537180582, 0.1482899625, 0.1428527361, 0.1376240946
0.1324701564, 0.1274930993, 0.1226384084, 0.1179202625
0.1134219794, 0.1089729431, 0.1047938348, 0.1006417022
0.0966392374, 0.0927598984, 0.0889814789, 0.0853031547
0.0817094652, 0.0781333421, 0.0746471217, 0.0712326978
0.0678355794, 0.0644473717, 0.0611076512, 0.0578101293
0.0544853706, 0.0512355528, 0.0480182397, 0.0448119433
0.0416305402, 0.0385345962, 0.0354939265, 0.0325093320
0.0296109561, 0.0268438808, 0.0241837114, 0.0216548190
0.0192302103, 0.0169397854, 0.0147785140, 0.0127411927
0.0108013445, 0.0089770753, 0.0072395234, 0.0055610260
0.0040628661, 0.0025873521, 0.0011893836, 0.0000000000
anode_soc_table_end
fresh_anode_ocv_table_start
4=col
0x5dc219b2=crc
0.8023000000, 0.7710000000, 0.7381000000, 0.7096000000
0.6804000000, 0.6553000000, 0.6299000000, 0.6082000000
0.5859000000, 0.5667000000, 0.5481000000, 0.5285000000
0.5109000000, 0.4920000000, 0.4746000000, 0.4560000000
0.4402000000, 0.4234000000, 0.4092000000, 0.3949000000
0.3822000000, 0.3704000000, 0.3577000000, 0.3469000000
0.3348000000, 0.3242000000, 0.3121000000, 0.3025000000
0.2938000000, 0.2873000000, 0.2827000000, 0.2777000000
0.2743000000, 0.2706000000, 0.2669000000, 0.2625000000
0.2585000000, 0.2535000000, 0.2492000000, 0.2442000000
0.2408000000, 0.2371000000, 0.2337000000, 0.2306000000
0.2278000000, 0.2256000000, 0.2229000000, 0.2207000000
0.2185000000, 0.2170000000, 0.2151000000, 0.2132000000
0.2117000000, 0.2101000000, 0.2089000000, 0.2074000000
0.2061000000, 0.2049000000, 0.2039000000, 0.2027000000
0.2015000000, 0.2005000000, 0.1990000000, 0.1977000000
0.1965000000, 0.1956000000, 0.1943000000, 0.1928000000
0.1909000000, 0.1894000000, 0.1878000000, 0.1866000000
0.1853000000, 0.1832000000, 0.1819000000, 0.1804000000
0.1791000000, 0.1779000000, 0.1773000000, 0.1767000000
0.1770000000, 0.1770000000, 0.1764000000, 0.1748000000
0.1742000000, 0.1739000000, 0.1739000000, 0.1736000000
0.1742000000, 0.1745000000, 0.1751000000, 0.1767000000
0.1776000000, 0.1788000000, 0.1798000000, 0.1804000000
0.1804000000, 0.1788000000, 0.1739000000, 0.1615000000
0.1109000000, 0.8017000000, 0.7651000000, 0.7328000000
0.7028000000, 0.6758000000, 0.6470000000, 0.6197000000
0.5952000000, 0.5710000000, 0.5496000000, 0.5307000000
0.5121000000, 0.4944000000, 0.4765000000, 0.4600000000
0.4433000000, 0.4259000000, 0.4117000000, 0.3965000000
0.3807000000, 0.3676000000, 0.3537000000, 0.3435000000
0.3320000000, 0.3227000000, 0.3118000000, 0.3028000000
0.2942000000, 0.2842000000, 0.2752000000, 0.2675000000
0.2591000000, 0.2523000000, 0.2477000000, 0.2436000000
0.2402000000, 0.2365000000, 0.2331000000, 0.2281000000
0.2225000000, 0.2170000000, 0.2123000000, 0.2070000000
0.2030000000, 0.1990000000, 0.1946000000, 0.1919000000
0.1888000000, 0.1860000000, 0.1829000000, 0.1810000000
0.1782000000, 0.1760000000, 0.1745000000, 0.1729000000
0.1705000000, 0.1689000000, 0.1680000000, 0.1664000000
0.1652000000, 0.1640000000, 0.1621000000, 0.1609000000
0.1602000000, 0.1590000000, 0.1578000000, 0.1565000000
0.1546000000, 0.1534000000, 0.1522000000, 0.1503000000
0.1491000000, 0.1469000000, 0.1450000000, 0.1435000000
0.1410000000, 0.1391000000, 0.1373000000, 0.1360000000
0.1348000000, 0.1336000000, 0.1323000000, 0.1314000000
0.1305000000, 0.1298000000, 0.1292000000, 0.1286000000
0.1286000000, 0.1277000000, 0.1283000000, 0.1277000000
0.1280000000, 0.1280000000, 0.1274000000, 0.1274000000
0.1264000000, 0.1246000000, 0.1209000000, 0.1137000000
0.0967000000, 0.0440000000, 0.8004000000, 0.7604000000
0.7248000000, 0.6938000000, 0.6671000000, 0.6374000000
0.6116000000, 0.5865000000, 0.5623000000, 0.5385000000
0.5183000000, 0.4997000000, 0.4799000000, 0.4634000000
0.4473000000, 0.4299000000, 0.4141000000, 0.3986000000
0.3813000000, 0.3661000000, 0.3521000000, 0.3391000000
0.3258000000, 0.3152000000, 0.3044000000, 0.2938000000
0.2849000000, 0.2765000000, 0.2650000000, 0.2526000000
0.2439000000, 0.2387000000, 0.2356000000, 0.2325000000
0.2300000000, 0.2260000000, 0.2198000000, 0.2129000000
0.2058000000, 0.1999000000, 0.1943000000, 0.1888000000
0.1841000000, 0.1807000000, 0.1767000000, 0.1733000000
0.1702000000, 0.1671000000, 0.1646000000, 0.1624000000
0.1602000000, 0.1584000000, 0.1571000000, 0.1553000000
0.1540000000, 0.1528000000, 0.1519000000, 0.1506000000
0.1500000000, 0.1488000000, 0.1481000000, 0.1466000000
0.1460000000, 0.1450000000, 0.1438000000, 0.1426000000
0.1413000000, 0.1391000000, 0.1370000000, 0.1348000000
0.1317000000, 0.1289000000, 0.1271000000, 0.1246000000
0.1224000000, 0.1209000000, 0.1193000000, 0.1184000000
0.1174000000, 0.1168000000, 0.1156000000, 0.1150000000
0.1143000000, 0.1137000000, 0.1131000000, 0.1128000000
0.1122000000, 0.1119000000, 0.1116000000, 0.1109000000
0.1106000000, 0.1103000000, 0.1097000000, 0.1091000000
0.1085000000, 0.1069000000, 0.1044000000, 0.0995000000
0.0895000000, 0.0691000000, 0.0266000000, 0.8007000000
0.7567000000, 0.7195000000, 0.6901000000, 0.6606000000
0.6352000000, 0.6104000000, 0.5834000000, 0.5598000000
0.5360000000, 0.5158000000, 0.4969000000, 0.4777000000
0.4613000000, 0.4439000000, 0.4284000000, 0.4132000000
0.3965000000, 0.3813000000, 0.3648000000, 0.3503000000
0.3373000000, 0.3239000000, 0.3128000000, 0.3013000000
0.2917000000, 0.2824000000, 0.2731000000, 0.2647000000
0.2526000000, 0.2421000000, 0.2365000000, 0.2328000000
0.2303000000, 0.2278000000, 0.2247000000, 0.2188000000
0.2111000000, 0.2049000000, 0.1981000000, 0.1919000000
0.1863000000, 0.1819000000, 0.1779000000, 0.1739000000
0.1702000000, 0.1671000000, 0.1630000000, 0.1602000000
0.1578000000, 0.1553000000, 0.1534000000, 0.1515000000
0.1503000000, 0.1491000000, 0.1475000000, 0.1469000000
0.1457000000, 0.1450000000, 0.1444000000, 0.1435000000
0.1429000000, 0.1422000000, 0.1410000000, 0.1398000000
0.1388000000, 0.1379000000, 0.1364000000, 0.1348000000
0.1326000000, 0.1302000000, 0.1277000000, 0.1252000000
0.1227000000, 0.1205000000, 0.1190000000, 0.1174000000
0.1165000000, 0.1150000000, 0.1140000000, 0.1134000000
0.1125000000, 0.1119000000, 0.1112000000, 0.1106000000
0.1103000000, 0.1097000000, 0.1091000000, 0.1088000000
0.1078000000, 0.1072000000, 0.1069000000, 0.1060000000
0.1054000000, 0.1044000000, 0.1029000000, 0.1007000000
0.0948000000, 0.0843000000, 0.0638000000, 0.0223000000
fresh_anode_ocv_table_end
